12 2  0  7    0  0  0  16   6  15 0  0    0  3  0  14
0  0  0  9    12 0  2  0    0  0  0  0    16 1  0  6
0  11 0  13   0  0  7  0    4  0  8  0    0  0  15 0
0  8  0  3    0  0  1  0    0  0  16 13   11 0  4  2

0  0  15 0    0  0  0  0    1  6  11 0    0  0  3  0
3  0  0  0    0  0  0  0    0  4  0  16   8  0  6  12
0  0  0  14   2  0  0  0    0  12 0  0    7  4  0  0
0  12 8  4    10 0  0  14   7  0  9  3    15 0  0  0

0  0  0  16   3  7  0  4    5  0  0  9    10 14 13 0
0  0  13 8    0  0  11 0    0  0  0  12   4  0  0  0
4  9  0  5    15 0  14 0    0  0  0  0    0  0  0  11
0  14 0  0    0  6  13 1    0  0  0  0    0  7  0  0

9  1  0  15   7  4  0  0    0  16 0  0    3  0  14 0
0  3  0  0    0  9  0  2    0  1  0  0    5  0  10 0
16 0  4  12   0  0  0  0    0  3  0  14   1  0  0  0
5  0  14 0    0  0  16 15   9  0  0  0    2  0  12 4 